100
166.48814 3.79478 228.52770
495.99356 1.04006 1981.30552
258.00000 3.00000 261.00000
212.28439 3.14545 1640.24977
36.0 4.0 441.0
496.38529 1.28532 1917.76718
435.0 1.0 722.0
496.18522 1.24199 1999.77632
493.74473 1.42694 1998.97314
63.67520 3.34295 11.51845
338.44 3.32 670.0
1.09144 3.87277 1999.44158
1.08343 3.41221 1999.87828
1.00000 3.168 112.0
13.40 1.3 1032.25577
84.0 3.94656 1443.726
398.0 3.0 1769.0
196.70148 1.49923 1352.59906
465.9675 2.852 23.923
288.95038 2.65160 336.36040
12.14640 1.55800 1985.02751
467.0 4.0 965.0
176.04588 3.45484 1383.46782
495.49969 1.09537 1940.65107
144.344 2.872 1096.83
494.99205 1.20709 1947.51751
276.71883 1.48044 82.25563
22.93455 1.13952 1119.15544
146.0 1.0 1558.0
458.0 4.0 1377.0
81.0 3.144 1349.86536
495.00845 1.03818 1943.46461
491.10936 1.08409 1985.92894
494.15585 1.27907 1917.67745
492.93841 1.37986 1979.83402
496.37060 1.35662 1953.38748
497.91032 1.07139 1918.96571
496.80054 1.31244 1941.26074
335.6 2.94481 299.226
495.73587 1.13594 1992.96323
131.0 3.0 868.0
1.04236 2.88280 2.19089
490.45180 1.47054 1918.47209
220.0 1.0 1771.0
494.84345 1.07793 1928.88367
202.7916 2.1558 1344.8563
497.06923 1.32210 1969.38055
177.4733 3.36691 1.00000
488.13229 2.66739 1954.94336
470.65231 3.98606 999.34184
260.98070 3.54910 26.51499
431.00000 4.00000 454.00000
1.01545 3.52385 1999.93058
274.00000 2.00000 548.00000
179.0 1.973 1271.07765
497.93715 1.29593 1939.62377
296.00000 2.00000 299.00000
250.46225 2.33111 55.49869
19.31918 2.70537 249.18829
500.000 1.9943 535.0
203.32394 1.57521 693.16571
207.69475 3.08887 453.38853
358.00000 2.00000 716.00000
491.64676 1.07394 1928.48526
463.09611 2.86794 665.73697
1.03917 3.98568 1999.34942
366.14948 4.0 289.0
88.660 2.3737 797.0
413.8891 2.72 1888.0
465.0 1.011 1701.1
493.44742 1.40922 1917.57722
498.76749 1.06506 1988.39189
497.02529 1.20959 1962.05211
492.31075 1.07079 1984.55120
34.0 1.00000 535.0
491.84079 1.18773 1941.92601
490.38198 1.30170 1946.92063
135.76098 3.51248 1907.85156
253.0 2.0 692.0
495.80384 1.01742 1958.11820
134.0 2.0 1055.0
493.52428 1.32152 1982.38253
123.0 2.0 913.0
480.0 3.0 1730.0
492.19285 1.15995 1983.93541
497.38654 1.49163 1921.86742
29.9818 3.80 2000.0000
371.15089 3.37013 1958.39153
65.69117 2.22407 1258.83329
310.00000 2.00000 359.00000
318.00000 2.00000 636.00000
498.24796 1.40634 1907.61094
154.00000 2.00000 308.00000
496.40968 1.10260 1954.74027
490.33914 1.21082 1945.96435
56.4 1.0 50.82440
491.37241 1.25237 1954.93256
496.59417 1.21128 1901.66895
490.17693 1.04154 1905.79895
105.0 1.0 313.0
