100
4 3 3
512 512 256
1 4 3
689 34 390
234 661 61
616 590 74
1 3 1
1 2 5
2 3 3
571 411 648
1 2 4
192 43 809
458 420 407
253 316 162
902 780 16
232 563 59
438 523 766
893 196 764
68 694 811
4 5 2
3 4 2
2 4 2
1 4 1
141 139 43
723 365 167
3 5 2
513 513 256
203 676 619
617 645 977
307 421 153
955 334 930
4 5 4
652 890 488
532 714 258
512 512 513
513 513 2
465 370 72
708 331 266
648 82 81
901 207 117
972 664 485
429 679 35
564 91 10
222 430 18
30 708 539
516 612 207
563 274 276
332 652 898
659 917 728
285 184 85
1 1 1
386 418 301
513 513 257
593 424 990
491 948 940
429 313 545
785 491 80
3 2 4
871 280 835
764 35 592
838 425 612
800 360 300
650 499 357
4 1 1
542 914 94
56 978 431
3 3 2
401 505 216
912 499 525
829 771 205
4 4 4
4 4 3
512 512 257
4 3 2
512 512 1
16 368 9
295 175 17
961 207 769
103 143 88
304 421 990
838 88 68
45 56 35
402 976 288
889 721 879
514 932 930
513 513 512
7 8 5
1000 1000 1
228 27 13
79 596 24
5 4 2
929 463 384
512 512 2
513 513 1
4 5 2
1 1 1000
876 454 264
507 53 47
1 4 1
1 5 1
